,unit,lr,epoch,batch_size,accuracy,val_accuracy,loss,val_loss,max_features,min_df,max_df,ngram,stop_words
0,10.0,0.001,40.0,16.0,1.0,0.8687499761581421,0.6818714141845703,0.6625254154205322,17000.0,1.0,0.6,"(1, 2)",0.0
1,18.0,0.001,40.0,16.0,1.0,0.8687499761581421,0.6662249565124512,0.6323412656784058,17000.0,1.0,0.6,"(1, 2)",0.0
2,32.0,0.001,40.0,16.0,1.0,0.862500011920929,0.6644308567047119,0.6147700548171997,17000.0,1.0,0.6,"(1, 2)",0.0
3,64.0,0.001,40.0,16.0,1.0,0.8687499761581421,0.6393396854400635,0.5568336248397827,17000.0,1.0,0.6,"(1, 2)",0.0
4,10.0,0.0001,40.0,16.0,0.9895833134651184,0.8500000238418579,0.6922571659088135,0.6914860010147095,17000.0,1.0,0.6,"(1, 2)",0.0
5,18.0,0.0001,40.0,16.0,0.9972222447395325,0.8500000238418579,0.6916533708572388,0.6895062923431396,17000.0,1.0,0.6,"(1, 2)",0.0
6,32.0,0.0001,40.0,16.0,1.0,0.8500000238418579,0.6914443969726562,0.6881757974624634,17000.0,1.0,0.6,"(1, 2)",0.0
7,64.0,0.0001,40.0,16.0,1.0,0.856249988079071,0.690666139125824,0.6859342455863953,17000.0,1.0,0.6,"(1, 2)",0.0
8,10.0,0.001,40.0,16.0,1.0,0.84375,0.6798338890075684,0.6558851003646851,17000.0,1.0,0.55,"(1, 2)",0.0
9,18.0,0.001,40.0,16.0,1.0,0.856249988079071,0.6629037857055664,0.6209858655929565,17000.0,1.0,0.55,"(1, 2)",0.0
10,32.0,0.001,40.0,16.0,1.0,0.8687499761581421,0.6703382134437561,0.6303082704544067,17000.0,1.0,0.55,"(1, 2)",0.0
11,64.0,0.001,40.0,16.0,1.0,0.8687499761581421,0.6480888724327087,0.5796060562133789,17000.0,1.0,0.55,"(1, 2)",0.0
12,10.0,0.0001,40.0,16.0,0.9909722208976746,0.84375,0.6924712061882019,0.6911996603012085,17000.0,1.0,0.55,"(1, 2)",0.0
13,18.0,0.0001,40.0,16.0,0.9979166388511658,0.862500011920929,0.6915737390518188,0.6895337104797363,17000.0,1.0,0.55,"(1, 2)",0.0
14,32.0,0.0001,40.0,16.0,1.0,0.862500011920929,0.6912004947662354,0.6881155967712402,17000.0,1.0,0.55,"(1, 2)",0.0
15,64.0,0.0001,40.0,16.0,1.0,0.856249988079071,0.6901358962059021,0.6860578656196594,17000.0,1.0,0.55,"(1, 2)",0.0
16,10.0,0.001,40.0,16.0,1.0,0.8687499761581421,0.6681068539619446,0.6345105767250061,17000.0,2.0,0.6,"(1, 2)",0.0
17,18.0,0.001,40.0,16.0,1.0,0.862500011920929,0.6600659489631653,0.6172357797622681,17000.0,2.0,0.6,"(1, 2)",0.0
18,32.0,0.001,40.0,16.0,1.0,0.862500011920929,0.6580072641372681,0.60395348072052,17000.0,2.0,0.6,"(1, 2)",0.0
19,64.0,0.001,40.0,16.0,1.0,0.862500011920929,0.6342679262161255,0.5487640500068665,17000.0,2.0,0.6,"(1, 2)",0.0
20,10.0,0.0001,40.0,16.0,0.9902777671813965,0.856249988079071,0.6926336288452148,0.6911104917526245,17000.0,2.0,0.6,"(1, 2)",0.0
21,18.0,0.0001,40.0,16.0,0.9993055462837219,0.856249988079071,0.6916146874427795,0.6890565752983093,17000.0,2.0,0.6,"(1, 2)",0.0
22,32.0,0.0001,40.0,16.0,1.0,0.856249988079071,0.691235363483429,0.6890142560005188,17000.0,2.0,0.6,"(1, 2)",0.0
23,64.0,0.0001,40.0,16.0,1.0,0.856249988079071,0.6909294724464417,0.68773353099823,17000.0,2.0,0.6,"(1, 2)",0.0
24,10.0,0.001,40.0,16.0,1.0,0.856249988079071,0.6722775101661682,0.6397639513015747,17000.0,2.0,0.55,"(1, 2)",0.0
25,18.0,0.001,40.0,16.0,1.0,0.8687499761581421,0.668010950088501,0.6264642477035522,17000.0,2.0,0.55,"(1, 2)",0.0
26,32.0,0.001,40.0,16.0,1.0,0.862500011920929,0.6628427505493164,0.6166934370994568,17000.0,2.0,0.55,"(1, 2)",0.0
27,64.0,0.001,40.0,16.0,1.0,0.8687499761581421,0.6417564153671265,0.5656781196594238,17000.0,2.0,0.55,"(1, 2)",0.0
28,10.0,0.0001,40.0,16.0,0.9888888597488403,0.84375,0.6916449069976807,0.6896342635154724,17000.0,2.0,0.55,"(1, 2)",0.0
29,18.0,0.0001,40.0,16.0,0.9979166388511658,0.856249988079071,0.6917555928230286,0.6899579167366028,17000.0,2.0,0.55,"(1, 2)",0.0
30,32.0,0.0001,40.0,16.0,1.0,0.856249988079071,0.6912512183189392,0.6880287528038025,17000.0,2.0,0.55,"(1, 2)",0.0
31,64.0,0.0001,40.0,16.0,1.0,0.856249988079071,0.6903814673423767,0.6856681704521179,17000.0,2.0,0.55,"(1, 2)",0.0
32,10.0,0.001,40.0,16.0,1.0,0.862500011920929,0.6766801476478577,0.651779055595398,17000.0,5.0,0.6,"(1, 2)",0.0
33,18.0,0.001,40.0,16.0,1.0,0.875,0.6694918274879456,0.6338421106338501,17000.0,5.0,0.6,"(1, 2)",0.0
34,32.0,0.001,40.0,16.0,1.0,0.856249988079071,0.6613727807998657,0.6066372394561768,17000.0,5.0,0.6,"(1, 2)",0.0
35,64.0,0.001,40.0,16.0,1.0,0.8687499761581421,0.6402185559272766,0.5612846612930298,17000.0,5.0,0.6,"(1, 2)",0.0
36,10.0,0.0001,40.0,16.0,0.9861111044883728,0.831250011920929,0.692406415939331,0.6905451416969299,17000.0,5.0,0.6,"(1, 2)",0.0
37,18.0,0.0001,40.0,16.0,0.9986110925674438,0.856249988079071,0.692276656627655,0.6895001530647278,17000.0,5.0,0.6,"(1, 2)",0.0
38,32.0,0.0001,40.0,16.0,1.0,0.856249988079071,0.6912494897842407,0.6870009899139404,17000.0,5.0,0.6,"(1, 2)",0.0
39,64.0,0.0001,40.0,16.0,1.0,0.856249988079071,0.6898229122161865,0.6847057938575745,17000.0,5.0,0.6,"(1, 2)",0.0
40,10.0,0.001,40.0,16.0,1.0,0.8500000238418579,0.6738177537918091,0.6442391276359558,17000.0,5.0,0.55,"(1, 2)",0.0
41,18.0,0.001,40.0,16.0,1.0,0.8687499761581421,0.6681891679763794,0.6311531662940979,17000.0,5.0,0.55,"(1, 2)",0.0
42,32.0,0.001,40.0,16.0,1.0,0.862500011920929,0.667140007019043,0.6197316646575928,17000.0,5.0,0.55,"(1, 2)",0.0
43,64.0,0.001,40.0,16.0,1.0,0.856249988079071,0.641141951084137,0.5600767135620117,17000.0,5.0,0.55,"(1, 2)",0.0
44,10.0,0.0001,40.0,16.0,0.9861111044883728,0.8500000238418579,0.6920449733734131,0.6903557777404785,17000.0,5.0,0.55,"(1, 2)",0.0
45,18.0,0.0001,40.0,16.0,0.9986110925674438,0.856249988079071,0.6913391947746277,0.6889282464981079,17000.0,5.0,0.55,"(1, 2)",0.0
46,32.0,0.0001,40.0,16.0,1.0,0.8500000238418579,0.6916282176971436,0.6895278692245483,17000.0,5.0,0.55,"(1, 2)",0.0
47,64.0,0.0001,40.0,16.0,1.0,0.8500000238418579,0.6900860667228699,0.6857530474662781,17000.0,5.0,0.55,"(1, 2)",0.0
48,10.0,0.001,40.0,16.0,1.0,0.893750011920929,0.6714096665382385,0.6389023661613464,25000.0,1.0,0.6,"(1, 2)",0.0
49,18.0,0.001,40.0,16.0,1.0,0.875,0.6745026111602783,0.6466551423072815,25000.0,1.0,0.6,"(1, 2)",0.0
50,32.0,0.001,40.0,16.0,1.0,0.875,0.657289981842041,0.60291588306427,25000.0,1.0,0.6,"(1, 2)",0.0
51,64.0,0.001,40.0,16.0,1.0,0.8687499761581421,0.6401863694190979,0.562549889087677,25000.0,1.0,0.6,"(1, 2)",0.0
52,10.0,0.0001,40.0,16.0,0.9944444298744202,0.84375,0.6920700669288635,0.6903400421142578,25000.0,1.0,0.6,"(1, 2)",0.0
53,18.0,0.0001,40.0,16.0,1.0,0.8500000238418579,0.6915002465248108,0.6887519955635071,25000.0,1.0,0.6,"(1, 2)",0.0
54,32.0,0.0001,40.0,16.0,1.0,0.8687499761581421,0.6916671395301819,0.6886582970619202,25000.0,1.0,0.6,"(1, 2)",0.0
55,64.0,0.0001,40.0,16.0,1.0,0.8687499761581421,0.6905266642570496,0.6856526732444763,25000.0,1.0,0.6,"(1, 2)",0.0
56,10.0,0.001,40.0,16.0,1.0,0.8687499761581421,0.6764897704124451,0.6530989408493042,25000.0,1.0,0.55,"(1, 2)",0.0
57,18.0,0.001,40.0,16.0,1.0,0.875,0.6744769811630249,0.6374570727348328,25000.0,1.0,0.55,"(1, 2)",0.0
58,32.0,0.001,40.0,16.0,1.0,0.8687499761581421,0.6594989895820618,0.6057831645011902,25000.0,1.0,0.55,"(1, 2)",0.0
59,64.0,0.001,40.0,16.0,1.0,0.875,0.6406905651092529,0.5587553977966309,25000.0,1.0,0.55,"(1, 2)",0.0
60,10.0,0.0001,40.0,16.0,0.9944444298744202,0.84375,0.6921509504318237,0.6900328397750854,25000.0,1.0,0.55,"(1, 2)",0.0
61,18.0,0.0001,40.0,16.0,1.0,0.862500011920929,0.6913608312606812,0.6882916688919067,25000.0,1.0,0.55,"(1, 2)",0.0
62,32.0,0.0001,40.0,16.0,1.0,0.8687499761581421,0.690946638584137,0.6866717338562012,25000.0,1.0,0.55,"(1, 2)",0.0
63,64.0,0.0001,40.0,16.0,1.0,0.862500011920929,0.6901891231536865,0.68556809425354,25000.0,1.0,0.55,"(1, 2)",0.0
64,10.0,0.001,40.0,16.0,1.0,0.875,0.6713246703147888,0.6421737670898438,25000.0,2.0,0.6,"(1, 2)",0.0
65,18.0,0.001,40.0,16.0,1.0,0.8687499761581421,0.6692430377006531,0.6302332282066345,25000.0,2.0,0.6,"(1, 2)",0.0
66,32.0,0.001,40.0,16.0,1.0,0.875,0.6658987402915955,0.6197293996810913,25000.0,2.0,0.6,"(1, 2)",0.0
67,64.0,0.001,40.0,16.0,1.0,0.8687499761581421,0.639910101890564,0.5637465715408325,25000.0,2.0,0.6,"(1, 2)",0.0
68,10.0,0.0001,40.0,16.0,0.9979166388511658,0.875,0.6911516189575195,0.688507616519928,25000.0,2.0,0.6,"(1, 2)",0.0
69,18.0,0.0001,40.0,16.0,1.0,0.856249988079071,0.691500723361969,0.689020037651062,25000.0,2.0,0.6,"(1, 2)",0.0
70,32.0,0.0001,40.0,16.0,1.0,0.862500011920929,0.6907361745834351,0.6875119209289551,25000.0,2.0,0.6,"(1, 2)",0.0
71,64.0,0.0001,40.0,16.0,1.0,0.875,0.6901029944419861,0.6845129132270813,25000.0,2.0,0.6,"(1, 2)",0.0
72,10.0,0.001,40.0,16.0,1.0,0.875,0.6793363690376282,0.65897136926651,25000.0,2.0,0.55,"(1, 2)",0.0
73,18.0,0.001,40.0,16.0,1.0,0.8812500238418579,0.6667827367782593,0.6237493753433228,25000.0,2.0,0.55,"(1, 2)",0.0
74,32.0,0.001,40.0,16.0,1.0,0.8812500238418579,0.6567215919494629,0.6024662256240845,25000.0,2.0,0.55,"(1, 2)",0.0
75,64.0,0.001,40.0,16.0,1.0,0.8812500238418579,0.6465823650360107,0.5764100551605225,25000.0,2.0,0.55,"(1, 2)",0.0
76,10.0,0.0001,40.0,16.0,0.9965277910232544,0.856249988079071,0.6920688152313232,0.689698338508606,25000.0,2.0,0.55,"(1, 2)",0.0
77,18.0,0.0001,40.0,16.0,1.0,0.856249988079071,0.6918033361434937,0.6905189156532288,25000.0,2.0,0.55,"(1, 2)",0.0
78,32.0,0.0001,40.0,16.0,1.0,0.875,0.690955400466919,0.6865441799163818,25000.0,2.0,0.55,"(1, 2)",0.0
79,64.0,0.0001,40.0,16.0,1.0,0.8687499761581421,0.690491795539856,0.6861621737480164,25000.0,2.0,0.55,"(1, 2)",0.0
80,10.0,0.001,40.0,16.0,1.0,0.8687499761581421,0.6755648255348206,0.6500063538551331,25000.0,5.0,0.6,"(1, 2)",0.0
81,18.0,0.001,40.0,16.0,1.0,0.862500011920929,0.6692326664924622,0.6321013569831848,25000.0,5.0,0.6,"(1, 2)",0.0
82,32.0,0.001,40.0,16.0,1.0,0.8687499761581421,0.6605666875839233,0.6088605523109436,25000.0,5.0,0.6,"(1, 2)",0.0
83,64.0,0.001,40.0,16.0,1.0,0.8812500238418579,0.6357644200325012,0.5505427122116089,25000.0,5.0,0.6,"(1, 2)",0.0
84,10.0,0.0001,40.0,16.0,0.9909722208976746,0.78125,0.6923729181289673,0.6910573244094849,25000.0,5.0,0.6,"(1, 2)",0.0
85,18.0,0.0001,40.0,16.0,1.0,0.862500011920929,0.6914998292922974,0.688520073890686,25000.0,5.0,0.6,"(1, 2)",0.0
86,32.0,0.0001,40.0,16.0,1.0,0.862500011920929,0.6909294724464417,0.68719881772995,25000.0,5.0,0.6,"(1, 2)",0.0
87,64.0,0.0001,40.0,16.0,1.0,0.875,0.690636932849884,0.6843880414962769,25000.0,5.0,0.6,"(1, 2)",0.0
88,10.0,0.001,40.0,16.0,1.0,0.8687499761581421,0.6727470755577087,0.6443277597427368,25000.0,5.0,0.55,"(1, 2)",0.0
89,18.0,0.001,40.0,16.0,1.0,0.875,0.6643550992012024,0.6169131398200989,25000.0,5.0,0.55,"(1, 2)",0.0
90,32.0,0.001,40.0,16.0,1.0,0.8687499761581421,0.6581892371177673,0.5987165570259094,25000.0,5.0,0.55,"(1, 2)",0.0
91,64.0,0.001,40.0,16.0,1.0,0.875,0.6391190886497498,0.557733416557312,25000.0,5.0,0.55,"(1, 2)",0.0
92,10.0,0.0001,40.0,16.0,0.9951388835906982,0.856249988079071,0.6923872828483582,0.690882682800293,25000.0,5.0,0.55,"(1, 2)",0.0
93,18.0,0.0001,40.0,16.0,0.9993055462837219,0.856249988079071,0.6913580298423767,0.6889082193374634,25000.0,5.0,0.55,"(1, 2)",0.0
94,32.0,0.0001,40.0,16.0,1.0,0.862500011920929,0.6903414726257324,0.6864928007125854,25000.0,5.0,0.55,"(1, 2)",0.0
95,64.0,0.0001,40.0,16.0,1.0,0.875,0.6907317638397217,0.6855220198631287,25000.0,5.0,0.55,"(1, 2)",0.0
