,unit,lr,epoch,batch_size,accuracy,val_accuracy,loss,val_loss,max_features,min_df,max_df,ngram,stop_words
0,10.0,0.001,40.0,16.0,1.0,0.875,0.4892066419124603,0.748832106590271,17000.0,1.0,0.6,"(1, 2)",0.0
1,18.0,0.001,40.0,16.0,1.0,0.862500011920929,0.4747416079044342,0.7118668556213379,17000.0,1.0,0.6,"(1, 2)",0.0
2,32.0,0.001,40.0,16.0,1.0,0.8687499761581421,0.4557844400405884,0.7406796813011169,17000.0,1.0,0.6,"(1, 2)",0.0
3,64.0,0.001,40.0,16.0,1.0,0.862500011920929,0.44721636176109314,0.735171377658844,17000.0,1.0,0.6,"(1, 2)",0.0
4,10.0,0.0001,40.0,16.0,1.0,0.8500000238418579,0.6508678197860718,0.5690010786056519,17000.0,1.0,0.6,"(1, 2)",0.0
5,18.0,0.0001,40.0,16.0,1.0,0.8500000238418579,0.6171817779541016,0.5324077606201172,17000.0,1.0,0.6,"(1, 2)",0.0
6,32.0,0.0001,40.0,16.0,1.0,0.862500011920929,0.5966953039169312,0.5116128921508789,17000.0,1.0,0.6,"(1, 2)",0.0
7,64.0,0.0001,40.0,16.0,1.0,0.862500011920929,0.5779697895050049,0.5544750690460205,17000.0,1.0,0.6,"(1, 2)",0.0
8,10.0,0.001,40.0,16.0,1.0,0.875,0.46659237146377563,0.7391842603683472,17000.0,1.0,0.55,"(1, 2)",0.0
9,18.0,0.001,40.0,16.0,1.0,0.856249988079071,0.4606224596500397,0.7296064496040344,17000.0,1.0,0.55,"(1, 2)",0.0
10,32.0,0.001,40.0,16.0,1.0,0.84375,0.44334402680397034,0.8448722958564758,17000.0,1.0,0.55,"(1, 2)",0.0
11,64.0,0.001,40.0,16.0,1.0,0.84375,0.4623357057571411,0.7960326671600342,17000.0,1.0,0.55,"(1, 2)",0.0
12,10.0,0.0001,40.0,16.0,1.0,0.875,0.6613165736198425,0.5702202320098877,17000.0,1.0,0.55,"(1, 2)",0.0
13,18.0,0.0001,40.0,16.0,1.0,0.8687499761581421,0.619888961315155,0.5484567284584045,17000.0,1.0,0.55,"(1, 2)",0.0
14,32.0,0.0001,40.0,16.0,1.0,0.8500000238418579,0.5952187180519104,0.5327457189559937,17000.0,1.0,0.55,"(1, 2)",0.0
15,64.0,0.0001,40.0,16.0,1.0,0.856249988079071,0.5480217337608337,0.5564424991607666,17000.0,1.0,0.55,"(1, 2)",0.0
16,10.0,0.001,40.0,16.0,1.0,0.862500011920929,0.4673864245414734,0.7005366086959839,17000.0,2.0,0.6,"(1, 2)",0.0
17,18.0,0.001,40.0,16.0,1.0,0.8687499761581421,0.5050292015075684,0.6997244358062744,17000.0,2.0,0.6,"(1, 2)",0.0
18,32.0,0.001,40.0,16.0,1.0,0.8500000238418579,0.4622073769569397,0.8017398118972778,17000.0,2.0,0.6,"(1, 2)",0.0
19,64.0,0.001,40.0,16.0,1.0,0.8687499761581421,0.4410010576248169,0.731277346611023,17000.0,2.0,0.6,"(1, 2)",0.0
20,10.0,0.0001,40.0,16.0,1.0,0.8687499761581421,0.6580787897109985,0.5700163841247559,17000.0,2.0,0.6,"(1, 2)",0.0
21,18.0,0.0001,40.0,16.0,1.0,0.8374999761581421,0.6427851915359497,0.5692774057388306,17000.0,2.0,0.6,"(1, 2)",0.0
22,32.0,0.0001,40.0,16.0,1.0,0.862500011920929,0.6154436469078064,0.53425532579422,17000.0,2.0,0.6,"(1, 2)",0.0
23,64.0,0.0001,40.0,16.0,1.0,0.856249988079071,0.5850192308425903,0.5305684804916382,17000.0,2.0,0.6,"(1, 2)",0.0
24,10.0,0.001,40.0,16.0,1.0,0.862500011920929,0.4769437909126282,0.7171533703804016,17000.0,2.0,0.55,"(1, 2)",0.0
25,18.0,0.001,40.0,16.0,1.0,0.856249988079071,0.4734441637992859,0.7184775471687317,17000.0,2.0,0.55,"(1, 2)",0.0
26,32.0,0.001,40.0,16.0,1.0,0.8500000238418579,0.44276830554008484,0.7930693030357361,17000.0,2.0,0.55,"(1, 2)",0.0
27,64.0,0.001,40.0,16.0,1.0,0.862500011920929,0.4569950997829437,0.7444220781326294,17000.0,2.0,0.55,"(1, 2)",0.0
28,10.0,0.0001,40.0,16.0,1.0,0.856249988079071,0.6335365772247314,0.5463688373565674,17000.0,2.0,0.55,"(1, 2)",0.0
29,18.0,0.0001,40.0,16.0,1.0,0.862500011920929,0.6296063661575317,0.5421965718269348,17000.0,2.0,0.55,"(1, 2)",0.0
30,32.0,0.0001,40.0,16.0,1.0,0.862500011920929,0.6005069613456726,0.5317184329032898,17000.0,2.0,0.55,"(1, 2)",0.0
31,64.0,0.0001,40.0,16.0,1.0,0.856249988079071,0.5715457797050476,0.5499815344810486,17000.0,2.0,0.55,"(1, 2)",0.0
32,10.0,0.001,40.0,16.0,1.0,0.8687499761581421,0.45494523644447327,0.7241944074630737,17000.0,5.0,0.6,"(1, 2)",0.0
33,18.0,0.001,40.0,16.0,1.0,0.856249988079071,0.48589596152305603,0.7012733817100525,17000.0,5.0,0.6,"(1, 2)",0.0
34,32.0,0.001,40.0,16.0,1.0,0.831250011920929,0.433145135641098,0.7794314622879028,17000.0,5.0,0.6,"(1, 2)",0.0
35,64.0,0.001,40.0,16.0,1.0,0.8687499761581421,0.4885821044445038,0.7903791666030884,17000.0,5.0,0.6,"(1, 2)",0.0
36,10.0,0.0001,40.0,16.0,1.0,0.8500000238418579,0.6581065058708191,0.5755796432495117,17000.0,5.0,0.6,"(1, 2)",0.0
37,18.0,0.0001,40.0,16.0,1.0,0.84375,0.6275727152824402,0.5579057931900024,17000.0,5.0,0.6,"(1, 2)",0.0
38,32.0,0.0001,40.0,16.0,1.0,0.862500011920929,0.606666088104248,0.5193894505500793,17000.0,5.0,0.6,"(1, 2)",0.0
39,64.0,0.0001,40.0,16.0,1.0,0.862500011920929,0.5561712384223938,0.5396448969841003,17000.0,5.0,0.6,"(1, 2)",0.0
40,10.0,0.001,40.0,16.0,1.0,0.8687499761581421,0.46438226103782654,0.743841290473938,17000.0,5.0,0.55,"(1, 2)",0.0
41,18.0,0.001,40.0,16.0,1.0,0.862500011920929,0.47681376338005066,0.7280463576316833,17000.0,5.0,0.55,"(1, 2)",0.0
42,32.0,0.001,40.0,16.0,1.0,0.862500011920929,0.45167601108551025,0.7837618589401245,17000.0,5.0,0.55,"(1, 2)",0.0
43,64.0,0.001,40.0,16.0,1.0,0.84375,0.48285120725631714,0.7993980050086975,17000.0,5.0,0.55,"(1, 2)",0.0
44,10.0,0.0001,40.0,16.0,1.0,0.862500011920929,0.6514036059379578,0.6138294339179993,17000.0,5.0,0.55,"(1, 2)",0.0
45,18.0,0.0001,40.0,16.0,1.0,0.84375,0.6295326352119446,0.5740698575973511,17000.0,5.0,0.55,"(1, 2)",0.0
46,32.0,0.0001,40.0,16.0,1.0,0.862500011920929,0.5902364253997803,0.4962001442909241,17000.0,5.0,0.55,"(1, 2)",0.0
47,64.0,0.0001,40.0,16.0,1.0,0.856249988079071,0.584079384803772,0.5559207201004028,17000.0,5.0,0.55,"(1, 2)",0.0
48,10.0,0.001,40.0,16.0,1.0,0.8687499761581421,0.4503287076950073,0.6313881874084473,25000.0,1.0,0.6,"(1, 2)",0.0
49,18.0,0.001,40.0,16.0,1.0,0.8812500238418579,0.4511711895465851,0.6377826929092407,25000.0,1.0,0.6,"(1, 2)",0.0
50,32.0,0.001,40.0,16.0,1.0,0.875,0.4780485928058624,0.6774649024009705,25000.0,1.0,0.6,"(1, 2)",0.0
51,64.0,0.001,40.0,16.0,1.0,0.856249988079071,0.46442344784736633,0.6155211329460144,25000.0,1.0,0.6,"(1, 2)",0.0
52,10.0,0.0001,40.0,16.0,1.0,0.8500000238418579,0.6314321160316467,0.5753829479217529,25000.0,1.0,0.6,"(1, 2)",0.0
53,18.0,0.0001,40.0,16.0,1.0,0.862500011920929,0.6175799369812012,0.5727856159210205,25000.0,1.0,0.6,"(1, 2)",0.0
54,32.0,0.0001,40.0,16.0,1.0,0.856249988079071,0.5926713943481445,0.5037983655929565,25000.0,1.0,0.6,"(1, 2)",0.0
55,64.0,0.0001,40.0,16.0,1.0,0.875,0.5590132474899292,0.4779192805290222,25000.0,1.0,0.6,"(1, 2)",0.0
56,10.0,0.001,40.0,16.0,1.0,0.862500011920929,0.4586551785469055,0.7446119785308838,25000.0,1.0,0.55,"(1, 2)",0.0
57,18.0,0.001,40.0,16.0,1.0,0.831250011920929,0.4444598853588104,0.6998745203018188,25000.0,1.0,0.55,"(1, 2)",0.0
58,32.0,0.001,40.0,16.0,1.0,0.8500000238418579,0.4809671640396118,0.7205385565757751,25000.0,1.0,0.55,"(1, 2)",0.0
59,64.0,0.001,40.0,16.0,1.0,0.862500011920929,0.4828338623046875,0.7702847719192505,25000.0,1.0,0.55,"(1, 2)",0.0
60,10.0,0.0001,40.0,16.0,1.0,0.8687499761581421,0.6296988725662231,0.5755939483642578,25000.0,1.0,0.55,"(1, 2)",0.0
61,18.0,0.0001,40.0,16.0,1.0,0.8812500238418579,0.6040894985198975,0.5513018369674683,25000.0,1.0,0.55,"(1, 2)",0.0
62,32.0,0.0001,40.0,16.0,1.0,0.84375,0.587000846862793,0.5251296162605286,25000.0,1.0,0.55,"(1, 2)",0.0
63,64.0,0.0001,40.0,16.0,1.0,0.8687499761581421,0.5562915802001953,0.4995662271976471,25000.0,1.0,0.55,"(1, 2)",0.0
64,10.0,0.001,40.0,16.0,1.0,0.8687499761581421,0.4661460816860199,0.6583913564682007,25000.0,2.0,0.6,"(1, 2)",0.0
65,18.0,0.001,40.0,16.0,1.0,0.875,0.4609964191913605,0.6442962288856506,25000.0,2.0,0.6,"(1, 2)",0.0
66,32.0,0.001,40.0,16.0,1.0,0.862500011920929,0.45173999667167664,0.6622098684310913,25000.0,2.0,0.6,"(1, 2)",0.0
67,64.0,0.001,40.0,16.0,1.0,0.862500011920929,0.521966278553009,0.7463430762290955,25000.0,2.0,0.6,"(1, 2)",0.0
68,10.0,0.0001,40.0,16.0,1.0,0.856249988079071,0.6513900756835938,0.5742583870887756,25000.0,2.0,0.6,"(1, 2)",0.0
69,18.0,0.0001,40.0,16.0,1.0,0.8687499761581421,0.6233146786689758,0.5382802486419678,25000.0,2.0,0.6,"(1, 2)",0.0
70,32.0,0.0001,40.0,16.0,1.0,0.856249988079071,0.5876625180244446,0.49661117792129517,25000.0,2.0,0.6,"(1, 2)",0.0
71,64.0,0.0001,40.0,16.0,1.0,0.856249988079071,0.5656205415725708,0.48011770844459534,25000.0,2.0,0.6,"(1, 2)",0.0
72,10.0,0.001,40.0,16.0,1.0,0.856249988079071,0.48290807008743286,0.6978669762611389,25000.0,2.0,0.55,"(1, 2)",0.0
73,18.0,0.001,40.0,16.0,1.0,0.8812500238418579,0.46206411719322205,0.6746158599853516,25000.0,2.0,0.55,"(1, 2)",0.0
74,32.0,0.001,40.0,16.0,1.0,0.862500011920929,0.4314494729042053,0.6721606254577637,25000.0,2.0,0.55,"(1, 2)",0.0
75,64.0,0.001,40.0,16.0,1.0,0.84375,0.44876372814178467,0.7361013889312744,25000.0,2.0,0.55,"(1, 2)",0.0
76,10.0,0.0001,40.0,16.0,1.0,0.8500000238418579,0.6418476104736328,0.5847030282020569,25000.0,2.0,0.55,"(1, 2)",0.0
77,18.0,0.0001,40.0,16.0,1.0,0.8374999761581421,0.6209193468093872,0.5779808759689331,25000.0,2.0,0.55,"(1, 2)",0.0
78,32.0,0.0001,40.0,16.0,1.0,0.862500011920929,0.6063061952590942,0.5164877772331238,25000.0,2.0,0.55,"(1, 2)",0.0
79,64.0,0.0001,40.0,16.0,1.0,0.875,0.5640968084335327,0.5223970413208008,25000.0,2.0,0.55,"(1, 2)",0.0
80,10.0,0.001,40.0,16.0,1.0,0.862500011920929,0.4864422380924225,0.6692836284637451,25000.0,5.0,0.6,"(1, 2)",0.0
81,18.0,0.001,40.0,16.0,1.0,0.856249988079071,0.43531668186187744,0.6901928186416626,25000.0,5.0,0.6,"(1, 2)",0.0
82,32.0,0.001,40.0,16.0,1.0,0.856249988079071,0.4356870949268341,0.691616952419281,25000.0,5.0,0.6,"(1, 2)",0.0
83,64.0,0.001,40.0,16.0,1.0,0.856249988079071,0.4617469012737274,0.7841435074806213,25000.0,5.0,0.6,"(1, 2)",0.0
84,10.0,0.0001,40.0,16.0,1.0,0.8687499761581421,0.6407994031906128,0.5703803300857544,25000.0,5.0,0.6,"(1, 2)",0.0
85,18.0,0.0001,40.0,16.0,1.0,0.8687499761581421,0.6128912568092346,0.5201495289802551,25000.0,5.0,0.6,"(1, 2)",0.0
86,32.0,0.0001,40.0,16.0,1.0,0.84375,0.5963160395622253,0.49746790528297424,25000.0,5.0,0.6,"(1, 2)",0.0
87,64.0,0.0001,40.0,16.0,1.0,0.8687499761581421,0.5717434287071228,0.5145793557167053,25000.0,5.0,0.6,"(1, 2)",0.0
88,10.0,0.001,40.0,16.0,1.0,0.862500011920929,0.45359644293785095,0.6836509108543396,25000.0,5.0,0.55,"(1, 2)",0.0
89,18.0,0.001,40.0,16.0,1.0,0.831250011920929,0.48658984899520874,0.6628857254981995,25000.0,5.0,0.55,"(1, 2)",0.0
90,32.0,0.001,40.0,16.0,1.0,0.856249988079071,0.4704433083534241,0.6282379031181335,25000.0,5.0,0.55,"(1, 2)",0.0
91,64.0,0.001,40.0,16.0,1.0,0.8500000238418579,0.4784807562828064,0.7152085900306702,25000.0,5.0,0.55,"(1, 2)",0.0
92,10.0,0.0001,40.0,16.0,1.0,0.862500011920929,0.6543006300926208,0.6059321165084839,25000.0,5.0,0.55,"(1, 2)",0.0
93,18.0,0.0001,40.0,16.0,1.0,0.8687499761581421,0.6290634870529175,0.5668314695358276,25000.0,5.0,0.55,"(1, 2)",0.0
94,32.0,0.0001,40.0,16.0,1.0,0.862500011920929,0.5905249118804932,0.4919932782649994,25000.0,5.0,0.55,"(1, 2)",0.0
95,64.0,0.0001,40.0,16.0,1.0,0.856249988079071,0.573434591293335,0.5233837962150574,25000.0,5.0,0.55,"(1, 2)",0.0
