,f1_pos,f1_neg,prec_pos,prec_neg,rec_pos,rec_neg,accuracy,stop_words,max_features,min_df,max_df,ngram
0,0.8484848484848486,0.8514851485148515,0.8484848484848485,0.8514851485148515,0.8484848484848485,0.8514851485148515,0.85,1.0,5000.0,1.0,0.6,"(1, 1)"
1,0.8549222797927462,0.8647342995169082,0.8776595744680851,0.8443396226415094,0.8333333333333334,0.8443396226415094,0.86,0.0,5000.0,1.0,0.6,"(1, 1)"
2,0.8463476070528968,0.84863523573201,0.8442211055276382,0.8507462686567164,0.8484848484848485,0.8507462686567164,0.8475,1.0,5000.0,1.0,0.6,"(1, 2)"
3,0.8724489795918366,0.8774509803921567,0.8814432989690721,0.8689320388349514,0.8636363636363636,0.8689320388349514,0.875,0.0,5000.0,1.0,0.6,"(1, 2)"
4,0.7531172069825437,0.7518796992481203,0.7438423645320197,0.7614213197969543,0.7626262626262627,0.7614213197969543,0.7525,1.0,5000.0,1.0,0.6,"(2, 2)"
5,0.8261964735516374,0.8287841191066997,0.8241206030150754,0.8308457711442786,0.8282828282828283,0.8308457711442786,0.8275,0.0,5000.0,1.0,0.6,"(2, 2)"
6,0.8434343434343435,0.8465346534653466,0.8434343434343434,0.8465346534653465,0.8434343434343434,0.8465346534653465,0.845,1.0,5000.0,1.0,0.6,"(1, 3)"
7,0.8593350383631713,0.8655256723716381,0.8704663212435233,0.855072463768116,0.8484848484848485,0.855072463768116,0.8625,0.0,5000.0,1.0,0.6,"(1, 3)"
8,0.8535353535353535,0.8564356435643564,0.8535353535353535,0.8564356435643564,0.8535353535353535,0.8564356435643564,0.855,1.0,5000.0,1.0,0.55,"(1, 1)"
9,0.8564102564102565,0.8634146341463415,0.8697916666666666,0.8509615384615384,0.8434343434343434,0.8509615384615384,0.86,0.0,5000.0,1.0,0.55,"(1, 1)"
10,0.8471177944862155,0.8478802992518704,0.8407960199004975,0.8542713567839196,0.8535353535353535,0.8542713567839196,0.8475,1.0,5000.0,1.0,0.55,"(1, 2)"
11,0.8593350383631713,0.8655256723716381,0.8704663212435233,0.855072463768116,0.8484848484848485,0.855072463768116,0.8625,0.0,5000.0,1.0,0.55,"(1, 2)"
12,0.7531172069825437,0.7518796992481203,0.7438423645320197,0.7614213197969543,0.7626262626262627,0.7614213197969543,0.7525,1.0,5000.0,1.0,0.55,"(2, 2)"
13,0.8282828282828283,0.8316831683168316,0.8282828282828283,0.8316831683168316,0.8282828282828283,0.8316831683168316,0.83,0.0,5000.0,1.0,0.55,"(2, 2)"
14,0.8471177944862155,0.8478802992518704,0.8407960199004975,0.8542713567839196,0.8535353535353535,0.8542713567839196,0.8475,1.0,5000.0,1.0,0.55,"(1, 3)"
15,0.8534704370179949,0.8613138686131386,0.8691099476439791,0.84688995215311,0.8383838383838383,0.84688995215311,0.8575,0.0,5000.0,1.0,0.55,"(1, 3)"
16,0.8506329113924052,0.854320987654321,0.8527918781725888,0.8522167487684729,0.8484848484848485,0.8522167487684729,0.8525,1.0,5000.0,2.0,0.6,"(1, 1)"
17,0.8652849740932643,0.8743961352657006,0.8882978723404256,0.8537735849056604,0.8434343434343434,0.8537735849056604,0.87,0.0,5000.0,2.0,0.6,"(1, 1)"
18,0.8434343434343435,0.8465346534653466,0.8434343434343434,0.8465346534653465,0.8434343434343434,0.8465346534653465,0.845,1.0,5000.0,2.0,0.6,"(1, 2)"
19,0.8615384615384615,0.8682926829268293,0.875,0.8557692307692307,0.8484848484848485,0.8557692307692307,0.865,0.0,5000.0,2.0,0.6,"(1, 2)"
20,0.743718592964824,0.746268656716418,0.74,0.75,0.7474747474747475,0.75,0.745,1.0,5000.0,2.0,0.6,"(2, 2)"
21,0.8261964735516374,0.8287841191066997,0.8241206030150754,0.8308457711442786,0.8282828282828283,0.8308457711442786,0.8275,0.0,5000.0,2.0,0.6,"(2, 2)"
22,0.8463476070528968,0.84863523573201,0.8442211055276382,0.8507462686567164,0.8484848484848485,0.8507462686567164,0.8475,1.0,5000.0,2.0,0.6,"(1, 3)"
23,0.8615384615384615,0.8682926829268293,0.875,0.8557692307692307,0.8484848484848485,0.8557692307692307,0.865,0.0,5000.0,2.0,0.6,"(1, 3)"
24,0.8585858585858586,0.8613861386138614,0.8585858585858586,0.8613861386138614,0.8585858585858586,0.8613861386138614,0.86,1.0,5000.0,2.0,0.55,"(1, 1)"
25,0.8564102564102565,0.8634146341463415,0.8697916666666666,0.8509615384615384,0.8434343434343434,0.8509615384615384,0.86,0.0,5000.0,2.0,0.55,"(1, 1)"
26,0.8471177944862155,0.8478802992518704,0.8407960199004975,0.8542713567839196,0.8535353535353535,0.8542713567839196,0.8475,1.0,5000.0,2.0,0.55,"(1, 2)"
27,0.8564102564102565,0.8634146341463415,0.8697916666666666,0.8509615384615384,0.8434343434343434,0.8509615384615384,0.86,0.0,5000.0,2.0,0.55,"(1, 2)"
28,0.743718592964824,0.746268656716418,0.74,0.75,0.7474747474747475,0.75,0.745,1.0,5000.0,2.0,0.55,"(2, 2)"
29,0.8261964735516374,0.8287841191066997,0.8241206030150754,0.8308457711442786,0.8282828282828283,0.8308457711442786,0.8275,0.0,5000.0,2.0,0.55,"(2, 2)"
30,0.8471177944862155,0.8478802992518704,0.8407960199004975,0.8542713567839196,0.8535353535353535,0.8542713567839196,0.8475,1.0,5000.0,2.0,0.55,"(1, 3)"
31,0.8505154639175259,0.8592233009708738,0.868421052631579,0.8428571428571429,0.8333333333333334,0.8428571428571429,0.855,0.0,5000.0,2.0,0.55,"(1, 3)"
32,0.8592964824120602,0.8606965174129352,0.855,0.865,0.8636363636363636,0.865,0.86,1.0,5000.0,3.0,0.6,"(1, 1)"
33,0.8652849740932643,0.8743961352657006,0.8882978723404256,0.8537735849056604,0.8434343434343434,0.8537735849056604,0.87,0.0,5000.0,3.0,0.6,"(1, 1)"
34,0.8463476070528968,0.84863523573201,0.8442211055276382,0.8507462686567164,0.8484848484848485,0.8507462686567164,0.8475,1.0,5000.0,3.0,0.6,"(1, 2)"
35,0.8615384615384615,0.8682926829268293,0.875,0.8557692307692307,0.8484848484848485,0.8557692307692307,0.865,0.0,5000.0,3.0,0.6,"(1, 2)"
36,0.7587939698492463,0.7611940298507464,0.755,0.765,0.7626262626262627,0.765,0.76,1.0,5000.0,3.0,0.6,"(2, 2)"
37,0.8232323232323232,0.8267326732673267,0.8232323232323232,0.8267326732673267,0.8232323232323232,0.8267326732673267,0.825,0.0,5000.0,3.0,0.6,"(2, 2)"
38,0.8463476070528968,0.84863523573201,0.8442211055276382,0.8507462686567164,0.8484848484848485,0.8507462686567164,0.8475,1.0,5000.0,3.0,0.6,"(1, 3)"
39,0.8593350383631713,0.8655256723716381,0.8704663212435233,0.855072463768116,0.8484848484848485,0.855072463768116,0.8625,0.0,5000.0,3.0,0.6,"(1, 3)"
40,0.8585858585858586,0.8613861386138614,0.8585858585858586,0.8613861386138614,0.8585858585858586,0.8613861386138614,0.86,1.0,5000.0,3.0,0.55,"(1, 1)"
41,0.8564102564102565,0.8634146341463415,0.8697916666666666,0.8509615384615384,0.8434343434343434,0.8509615384615384,0.86,0.0,5000.0,3.0,0.55,"(1, 1)"
42,0.8471177944862155,0.8478802992518704,0.8407960199004975,0.8542713567839196,0.8535353535353535,0.8542713567839196,0.8475,1.0,5000.0,3.0,0.55,"(1, 2)"
43,0.8615384615384615,0.8682926829268293,0.875,0.8557692307692307,0.8484848484848485,0.8557692307692307,0.865,0.0,5000.0,3.0,0.55,"(1, 2)"
44,0.7587939698492463,0.7611940298507464,0.755,0.765,0.7626262626262627,0.765,0.76,1.0,5000.0,3.0,0.55,"(2, 2)"
45,0.8232323232323232,0.8267326732673267,0.8232323232323232,0.8267326732673267,0.8232323232323232,0.8267326732673267,0.825,0.0,5000.0,3.0,0.55,"(2, 2)"
46,0.8471177944862155,0.8478802992518704,0.8407960199004975,0.8542713567839196,0.8535353535353535,0.8542713567839196,0.8475,1.0,5000.0,3.0,0.55,"(1, 3)"
47,0.8534704370179949,0.8613138686131386,0.8691099476439791,0.84688995215311,0.8383838383838383,0.84688995215311,0.8575,0.0,5000.0,3.0,0.55,"(1, 3)"
48,0.8527918781725888,0.8571428571428572,0.8571428571428571,0.8529411764705882,0.8484848484848485,0.8529411764705882,0.855,1.0,5000.0,4.0,0.6,"(1, 1)"
49,0.8645833333333334,0.875,0.8924731182795699,0.8504672897196262,0.8383838383838383,0.8504672897196262,0.87,0.0,5000.0,4.0,0.6,"(1, 1)"
50,0.8455696202531645,0.8493827160493828,0.8477157360406091,0.8472906403940886,0.8434343434343434,0.8472906403940886,0.8475,1.0,5000.0,4.0,0.6,"(1, 2)"
51,0.8615384615384615,0.8682926829268293,0.875,0.8557692307692307,0.8484848484848485,0.8557692307692307,0.865,0.0,5000.0,4.0,0.6,"(1, 2)"
52,0.7461928934010154,0.7536945812807881,0.75,0.75,0.7424242424242424,0.75,0.75,1.0,5000.0,4.0,0.6,"(2, 2)"
53,0.8261964735516374,0.8287841191066997,0.8241206030150754,0.8308457711442786,0.8282828282828283,0.8308457711442786,0.8275,0.0,5000.0,4.0,0.6,"(2, 2)"
54,0.8484848484848486,0.8514851485148515,0.8484848484848485,0.8514851485148515,0.8484848484848485,0.8514851485148515,0.85,1.0,5000.0,4.0,0.6,"(1, 3)"
55,0.8593350383631713,0.8655256723716381,0.8704663212435233,0.855072463768116,0.8484848484848485,0.855072463768116,0.8625,0.0,5000.0,4.0,0.6,"(1, 3)"
56,0.8556962025316457,0.8592592592592593,0.8578680203045685,0.8571428571428571,0.8535353535353535,0.8571428571428571,0.8575,1.0,5000.0,4.0,0.55,"(1, 1)"
57,0.8578811369509043,0.8668280871670702,0.8783068783068783,0.8483412322274881,0.8383838383838383,0.8483412322274881,0.8625,0.0,5000.0,4.0,0.55,"(1, 1)"
58,0.8513853904282117,0.8535980148883374,0.8492462311557789,0.8557213930348259,0.8535353535353535,0.8557213930348259,0.8525,1.0,5000.0,4.0,0.55,"(1, 2)"
59,0.8622448979591837,0.8676470588235294,0.8711340206185567,0.8592233009708737,0.8535353535353535,0.8592233009708737,0.865,0.0,5000.0,4.0,0.55,"(1, 2)"
60,0.7461928934010154,0.7536945812807881,0.75,0.75,0.7424242424242424,0.75,0.75,1.0,5000.0,4.0,0.55,"(2, 2)"
61,0.8341708542713568,0.835820895522388,0.83,0.84,0.8383838383838383,0.84,0.835,0.0,5000.0,4.0,0.55,"(2, 2)"
62,0.8513853904282117,0.8535980148883374,0.8492462311557789,0.8557213930348259,0.8535353535353535,0.8557213930348259,0.8525,1.0,5000.0,4.0,0.55,"(1, 3)"
63,0.8534704370179949,0.8613138686131386,0.8691099476439791,0.84688995215311,0.8383838383838383,0.84688995215311,0.8575,0.0,5000.0,4.0,0.55,"(1, 3)"
64,0.8578680203045684,0.8620689655172413,0.8622448979591837,0.8578431372549019,0.8535353535353535,0.8578431372549019,0.86,1.0,5000.0,5.0,0.6,"(1, 1)"
65,0.859375,0.8701923076923077,0.8870967741935484,0.8457943925233645,0.8333333333333334,0.8457943925233645,0.865,0.0,5000.0,5.0,0.6,"(1, 1)"
66,0.8463476070528968,0.84863523573201,0.8442211055276382,0.8507462686567164,0.8484848484848485,0.8507462686567164,0.8475,1.0,5000.0,5.0,0.6,"(1, 2)"
67,0.8673469387755102,0.8725490196078431,0.8762886597938144,0.8640776699029126,0.8585858585858586,0.8640776699029126,0.87,0.0,5000.0,5.0,0.6,"(1, 2)"
68,0.7448979591836734,0.7549019607843138,0.7525773195876289,0.7475728155339806,0.7373737373737373,0.7475728155339806,0.75,1.0,5000.0,5.0,0.6,"(2, 2)"
69,0.8232323232323232,0.8267326732673267,0.8232323232323232,0.8267326732673267,0.8232323232323232,0.8267326732673267,0.825,0.0,5000.0,5.0,0.6,"(2, 2)"
70,0.8434343434343435,0.8465346534653466,0.8434343434343434,0.8465346534653465,0.8434343434343434,0.8465346534653465,0.845,1.0,5000.0,5.0,0.6,"(1, 3)"
71,0.8637532133676092,0.8710462287104623,0.8795811518324608,0.8564593301435407,0.8484848484848485,0.8564593301435407,0.8675,0.0,5000.0,5.0,0.6,"(1, 3)"
72,0.8556962025316457,0.8592592592592593,0.8578680203045685,0.8571428571428571,0.8535353535353535,0.8571428571428571,0.8575,1.0,5000.0,5.0,0.55,"(1, 1)"
73,0.8601036269430052,0.8695652173913043,0.8829787234042553,0.8490566037735849,0.8383838383838383,0.8490566037735849,0.865,0.0,5000.0,5.0,0.55,"(1, 1)"
74,0.8463476070528968,0.84863523573201,0.8442211055276382,0.8507462686567164,0.8484848484848485,0.8507462686567164,0.8475,1.0,5000.0,5.0,0.55,"(1, 2)"
75,0.8622448979591837,0.8676470588235294,0.8711340206185567,0.8592233009708737,0.8535353535353535,0.8592233009708737,0.865,0.0,5000.0,5.0,0.55,"(1, 2)"
76,0.7448979591836734,0.7549019607843138,0.7525773195876289,0.7475728155339806,0.7373737373737373,0.7475728155339806,0.75,1.0,5000.0,5.0,0.55,"(2, 2)"
77,0.8232323232323232,0.8267326732673267,0.8232323232323232,0.8267326732673267,0.8232323232323232,0.8267326732673267,0.825,0.0,5000.0,5.0,0.55,"(2, 2)"
78,0.8492462311557788,0.8507462686567164,0.845,0.855,0.8535353535353535,0.855,0.85,1.0,5000.0,5.0,0.55,"(1, 3)"
79,0.8505154639175259,0.8592233009708738,0.868421052631579,0.8428571428571429,0.8333333333333334,0.8428571428571429,0.855,0.0,5000.0,5.0,0.55,"(1, 3)"
80,0.862155388471178,0.8628428927680798,0.8557213930348259,0.8693467336683417,0.8686868686868687,0.8693467336683417,0.8625,1.0,20000.0,1.0,0.6,"(1, 1)"
81,0.8622448979591837,0.8676470588235294,0.8711340206185567,0.8592233009708737,0.8535353535353535,0.8592233009708737,0.865,0.0,20000.0,1.0,0.6,"(1, 1)"
82,0.8542713567839195,0.8557213930348259,0.85,0.86,0.8585858585858586,0.86,0.855,1.0,20000.0,1.0,0.6,"(1, 2)"
83,0.8615384615384615,0.8682926829268293,0.875,0.8557692307692307,0.8484848484848485,0.8557692307692307,0.865,0.0,20000.0,1.0,0.6,"(1, 2)"
84,0.7669172932330827,0.7680798004987531,0.7611940298507462,0.7738693467336684,0.7727272727272727,0.7738693467336684,0.7675,1.0,20000.0,1.0,0.6,"(2, 2)"
85,0.8129675810473815,0.81203007518797,0.8029556650246306,0.8223350253807107,0.8232323232323232,0.8223350253807107,0.8125,0.0,20000.0,1.0,0.6,"(2, 2)"
86,0.8463476070528968,0.84863523573201,0.8442211055276382,0.8507462686567164,0.8484848484848485,0.8507462686567164,0.8475,1.0,20000.0,1.0,0.6,"(1, 3)"
87,0.8673469387755102,0.8725490196078431,0.8762886597938144,0.8640776699029126,0.8585858585858586,0.8640776699029126,0.87,0.0,20000.0,1.0,0.6,"(1, 3)"
88,0.8542713567839195,0.8557213930348259,0.85,0.86,0.8585858585858586,0.86,0.855,1.0,20000.0,1.0,0.55,"(1, 1)"
89,0.8520408163265306,0.8578431372549019,0.8608247422680413,0.8495145631067961,0.8434343434343434,0.8495145631067961,0.855,0.0,20000.0,1.0,0.55,"(1, 1)"
90,0.8492462311557788,0.8507462686567164,0.845,0.855,0.8535353535353535,0.855,0.85,1.0,20000.0,1.0,0.55,"(1, 2)"
91,0.8622448979591837,0.8676470588235294,0.8711340206185567,0.8592233009708737,0.8535353535353535,0.8592233009708737,0.865,0.0,20000.0,1.0,0.55,"(1, 2)"
92,0.7669172932330827,0.7680798004987531,0.7611940298507462,0.7738693467336684,0.7727272727272727,0.7738693467336684,0.7675,1.0,20000.0,1.0,0.55,"(2, 2)"
93,0.8170426065162906,0.8179551122194514,0.8109452736318408,0.8241206030150754,0.8232323232323232,0.8241206030150754,0.8175,0.0,20000.0,1.0,0.55,"(2, 2)"
94,0.8492462311557788,0.8507462686567164,0.845,0.855,0.8535353535353535,0.855,0.85,1.0,20000.0,1.0,0.55,"(1, 3)"
95,0.8629441624365481,0.8669950738916257,0.8673469387755102,0.8627450980392157,0.8585858585858586,0.8627450980392157,0.865,0.0,20000.0,1.0,0.55,"(1, 3)"
96,0.862155388471178,0.8628428927680798,0.8557213930348259,0.8693467336683417,0.8686868686868687,0.8693467336683417,0.8625,1.0,20000.0,2.0,0.6,"(1, 1)"
97,0.8695652173913043,0.8753056234718826,0.8808290155440415,0.8647342995169082,0.8585858585858586,0.8647342995169082,0.8725,0.0,20000.0,2.0,0.6,"(1, 1)"
98,0.8506329113924052,0.854320987654321,0.8527918781725888,0.8522167487684729,0.8484848484848485,0.8522167487684729,0.8525,1.0,20000.0,2.0,0.6,"(1, 2)"
99,0.8637532133676092,0.8710462287104623,0.8795811518324608,0.8564593301435407,0.8484848484848485,0.8564593301435407,0.8675,0.0,20000.0,2.0,0.6,"(1, 2)"
100,0.7611940298507464,0.7587939698492463,0.75,0.7704081632653061,0.7727272727272727,0.7704081632653061,0.76,1.0,20000.0,2.0,0.6,"(2, 2)"
101,0.8170426065162906,0.8179551122194514,0.8109452736318408,0.8241206030150754,0.8232323232323232,0.8241206030150754,0.8175,0.0,20000.0,2.0,0.6,"(2, 2)"
102,0.8506329113924052,0.854320987654321,0.8527918781725888,0.8522167487684729,0.8484848484848485,0.8522167487684729,0.8525,1.0,20000.0,2.0,0.6,"(1, 3)"
103,0.8673469387755102,0.8725490196078431,0.8762886597938144,0.8640776699029126,0.8585858585858586,0.8640776699029126,0.87,0.0,20000.0,2.0,0.6,"(1, 3)"
104,0.8592964824120602,0.8606965174129352,0.855,0.865,0.8636363636363636,0.865,0.86,1.0,20000.0,2.0,0.55,"(1, 1)"
105,0.8600508905852418,0.8648648648648649,0.8666666666666667,0.8585365853658536,0.8535353535353535,0.8585365853658536,0.8625,0.0,20000.0,2.0,0.55,"(1, 1)"
106,0.8477157360406092,0.852216748768473,0.8520408163265306,0.8480392156862745,0.8434343434343434,0.8480392156862745,0.85,1.0,20000.0,2.0,0.55,"(1, 2)"
107,0.8593350383631713,0.8655256723716381,0.8704663212435233,0.855072463768116,0.8484848484848485,0.855072463768116,0.8625,0.0,20000.0,2.0,0.55,"(1, 2)"
108,0.7611940298507464,0.7587939698492463,0.75,0.7704081632653061,0.7727272727272727,0.7704081632653061,0.76,1.0,20000.0,2.0,0.55,"(2, 2)"
109,0.8129675810473815,0.81203007518797,0.8029556650246306,0.8223350253807107,0.8232323232323232,0.8223350253807107,0.8125,0.0,20000.0,2.0,0.55,"(2, 2)"
110,0.8484848484848486,0.8514851485148515,0.8484848484848485,0.8514851485148515,0.8484848484848485,0.8514851485148515,0.85,1.0,20000.0,2.0,0.55,"(1, 3)"
111,0.868020304568528,0.87192118226601,0.8724489795918368,0.8676470588235294,0.8636363636363636,0.8676470588235294,0.87,0.0,20000.0,2.0,0.55,"(1, 3)"
112,0.8636363636363636,0.8663366336633663,0.8636363636363636,0.8663366336633663,0.8636363636363636,0.8663366336633663,0.865,1.0,20000.0,3.0,0.6,"(1, 1)"
113,0.8740359897172236,0.8807785888077859,0.8900523560209425,0.8660287081339713,0.8585858585858586,0.8660287081339713,0.8775,0.0,20000.0,3.0,0.6,"(1, 1)"
114,0.8506329113924052,0.854320987654321,0.8527918781725888,0.8522167487684729,0.8484848484848485,0.8522167487684729,0.8525,1.0,20000.0,3.0,0.6,"(1, 2)"
115,0.8615384615384615,0.8682926829268293,0.875,0.8557692307692307,0.8484848484848485,0.8557692307692307,0.865,0.0,20000.0,3.0,0.6,"(1, 2)"
116,0.7699999999999999,0.7699999999999999,0.7623762376237624,0.7777777777777778,0.7777777777777778,0.7777777777777778,0.77,1.0,20000.0,3.0,0.6,"(2, 2)"
117,0.8170426065162906,0.8179551122194514,0.8109452736318408,0.8241206030150754,0.8232323232323232,0.8241206030150754,0.8175,0.0,20000.0,3.0,0.6,"(2, 2)"
118,0.8506329113924052,0.854320987654321,0.8527918781725888,0.8522167487684729,0.8484848484848485,0.8522167487684729,0.8525,1.0,20000.0,3.0,0.6,"(1, 3)"
119,0.8673469387755102,0.8725490196078431,0.8762886597938144,0.8640776699029126,0.8585858585858586,0.8640776699029126,0.87,0.0,20000.0,3.0,0.6,"(1, 3)"
120,0.8585858585858586,0.8613861386138614,0.8585858585858586,0.8613861386138614,0.8585858585858586,0.8613861386138614,0.86,1.0,20000.0,3.0,0.55,"(1, 1)"
121,0.8666666666666667,0.8731707317073171,0.8802083333333334,0.8605769230769231,0.8535353535353535,0.8605769230769231,0.87,0.0,20000.0,3.0,0.55,"(1, 1)"
122,0.8513853904282117,0.8535980148883374,0.8492462311557789,0.8557213930348259,0.8535353535353535,0.8557213930348259,0.8525,1.0,20000.0,3.0,0.55,"(1, 2)"
123,0.8615384615384615,0.8682926829268293,0.875,0.8557692307692307,0.8484848484848485,0.8557692307692307,0.865,0.0,20000.0,3.0,0.55,"(1, 2)"
124,0.7699999999999999,0.7699999999999999,0.7623762376237624,0.7777777777777778,0.7777777777777778,0.7777777777777778,0.77,1.0,20000.0,3.0,0.55,"(2, 2)"
125,0.8211586901763224,0.8238213399503722,0.8190954773869347,0.8258706467661692,0.8232323232323232,0.8258706467661692,0.8225,0.0,20000.0,3.0,0.55,"(2, 2)"
126,0.8492462311557788,0.8507462686567164,0.845,0.855,0.8535353535353535,0.855,0.85,1.0,20000.0,3.0,0.55,"(1, 3)"
127,0.868020304568528,0.87192118226601,0.8724489795918368,0.8676470588235294,0.8636363636363636,0.8676470588235294,0.87,0.0,20000.0,3.0,0.55,"(1, 3)"
128,0.8614609571788413,0.8635235732009925,0.8592964824120602,0.8656716417910447,0.8636363636363636,0.8656716417910447,0.8625,1.0,20000.0,4.0,0.6,"(1, 1)"
129,0.8733850129198966,0.8813559322033897,0.8941798941798942,0.8625592417061612,0.8535353535353535,0.8625592417061612,0.8775,0.0,20000.0,4.0,0.6,"(1, 1)"
130,0.8513853904282117,0.8535980148883374,0.8492462311557789,0.8557213930348259,0.8535353535353535,0.8557213930348259,0.8525,1.0,20000.0,4.0,0.6,"(1, 2)"
131,0.8615384615384615,0.8682926829268293,0.875,0.8557692307692307,0.8484848484848485,0.8557692307692307,0.865,0.0,20000.0,4.0,0.6,"(1, 2)"
132,0.7703703703703704,0.7645569620253165,0.7536231884057971,0.7823834196891192,0.7878787878787878,0.7823834196891192,0.7675,1.0,20000.0,4.0,0.6,"(2, 2)"
133,0.8190954773869347,0.8208955223880595,0.815,0.825,0.8232323232323232,0.825,0.82,0.0,20000.0,4.0,0.6,"(2, 2)"
134,0.8492462311557788,0.8507462686567164,0.845,0.855,0.8535353535353535,0.855,0.85,1.0,20000.0,4.0,0.6,"(1, 3)"
135,0.8673469387755102,0.8725490196078431,0.8762886597938144,0.8640776699029126,0.8585858585858586,0.8640776699029126,0.87,0.0,20000.0,4.0,0.6,"(1, 3)"
136,0.8535353535353535,0.8564356435643564,0.8535353535353535,0.8564356435643564,0.8535353535353535,0.8564356435643564,0.855,1.0,20000.0,4.0,0.55,"(1, 1)"
137,0.8711340206185567,0.8786407766990293,0.8894736842105263,0.861904761904762,0.8535353535353535,0.861904761904762,0.875,0.0,20000.0,4.0,0.55,"(1, 1)"
138,0.8471177944862155,0.8478802992518704,0.8407960199004975,0.8542713567839196,0.8535353535353535,0.8542713567839196,0.8475,1.0,20000.0,4.0,0.55,"(1, 2)"
139,0.8615384615384615,0.8682926829268293,0.875,0.8557692307692307,0.8484848484848485,0.8557692307692307,0.865,0.0,20000.0,4.0,0.55,"(1, 2)"
140,0.7703703703703704,0.7645569620253165,0.7536231884057971,0.7823834196891192,0.7878787878787878,0.7823834196891192,0.7675,1.0,20000.0,4.0,0.55,"(2, 2)"
141,0.8190954773869347,0.8208955223880595,0.815,0.825,0.8232323232323232,0.825,0.82,0.0,20000.0,4.0,0.55,"(2, 2)"
142,0.8471177944862155,0.8478802992518704,0.8407960199004975,0.8542713567839196,0.8535353535353535,0.8542713567839196,0.8475,1.0,20000.0,4.0,0.55,"(1, 3)"
143,0.8651399491094147,0.8697788697788698,0.8717948717948718,0.8634146341463415,0.8585858585858586,0.8634146341463415,0.8675,0.0,20000.0,4.0,0.55,"(1, 3)"
144,0.8592964824120602,0.8606965174129352,0.855,0.865,0.8636363636363636,0.865,0.86,1.0,20000.0,5.0,0.6,"(1, 1)"
145,0.8675324675324676,0.8771084337349397,0.893048128342246,0.8544600938967136,0.8434343434343434,0.8544600938967136,0.8725,0.0,20000.0,5.0,0.6,"(1, 1)"
146,0.8506329113924052,0.854320987654321,0.8527918781725888,0.8522167487684729,0.8484848484848485,0.8522167487684729,0.8525,1.0,20000.0,5.0,0.6,"(1, 2)"
147,0.8615384615384615,0.8682926829268293,0.875,0.8557692307692307,0.8484848484848485,0.8557692307692307,0.865,0.0,20000.0,5.0,0.6,"(1, 2)"
148,0.76,0.76,0.7524752475247525,0.7676767676767676,0.7676767676767676,0.7676767676767676,0.76,1.0,20000.0,5.0,0.6,"(2, 2)"
149,0.8220551378446115,0.8229426433915212,0.8159203980099502,0.8291457286432161,0.8282828282828283,0.8291457286432161,0.8225,0.0,20000.0,5.0,0.6,"(2, 2)"
150,0.8477157360406092,0.852216748768473,0.8520408163265306,0.8480392156862745,0.8434343434343434,0.8480392156862745,0.85,1.0,20000.0,5.0,0.6,"(1, 3)"
151,0.8644501278772379,0.8704156479217603,0.8756476683937824,0.8599033816425121,0.8535353535353535,0.8599033816425121,0.8675,0.0,20000.0,5.0,0.6,"(1, 3)"
152,0.8556962025316457,0.8592592592592593,0.8578680203045685,0.8571428571428571,0.8535353535353535,0.8571428571428571,0.8575,1.0,20000.0,5.0,0.55,"(1, 1)"
153,0.8682170542635659,0.8765133171912832,0.8888888888888888,0.8578199052132701,0.8484848484848485,0.8578199052132701,0.8725,0.0,20000.0,5.0,0.55,"(1, 1)"
154,0.8477157360406092,0.852216748768473,0.8520408163265306,0.8480392156862745,0.8434343434343434,0.8480392156862745,0.85,1.0,20000.0,5.0,0.55,"(1, 2)"
155,0.8593350383631713,0.8655256723716381,0.8704663212435233,0.855072463768116,0.8484848484848485,0.855072463768116,0.8625,0.0,20000.0,5.0,0.55,"(1, 2)"
156,0.76,0.76,0.7524752475247525,0.7676767676767676,0.7676767676767676,0.7676767676767676,0.76,1.0,20000.0,5.0,0.55,"(2, 2)"
157,0.8232323232323232,0.8267326732673267,0.8232323232323232,0.8267326732673267,0.8232323232323232,0.8267326732673267,0.825,0.0,20000.0,5.0,0.55,"(2, 2)"
158,0.8477157360406092,0.852216748768473,0.8520408163265306,0.8480392156862745,0.8434343434343434,0.8480392156862745,0.85,1.0,20000.0,5.0,0.55,"(1, 3)"
159,0.8673469387755102,0.8725490196078431,0.8762886597938144,0.8640776699029126,0.8585858585858586,0.8640776699029126,0.87,0.0,20000.0,5.0,0.55,"(1, 3)"
160,0.8592964824120602,0.8606965174129352,0.855,0.865,0.8636363636363636,0.865,0.86,1.0,50000.0,1.0,0.6,"(1, 1)"
161,0.8593350383631713,0.8655256723716381,0.8704663212435233,0.855072463768116,0.8484848484848485,0.855072463768116,0.8625,0.0,50000.0,1.0,0.6,"(1, 1)"
162,0.8421052631578948,0.8428927680798005,0.835820895522388,0.8492462311557789,0.8484848484848485,0.8492462311557789,0.8425,1.0,50000.0,1.0,0.6,"(1, 2)"
163,0.8556701030927836,0.8640776699029127,0.8736842105263158,0.8476190476190476,0.8383838383838383,0.8476190476190476,0.86,0.0,50000.0,1.0,0.6,"(1, 2)"
164,0.7611940298507464,0.7587939698492463,0.75,0.7704081632653061,0.7727272727272727,0.7704081632653061,0.76,1.0,50000.0,1.0,0.6,"(2, 2)"
165,0.8291457286432161,0.8308457711442786,0.825,0.835,0.8333333333333334,0.835,0.83,0.0,50000.0,1.0,0.6,"(2, 2)"
166,0.8421052631578948,0.8428927680798005,0.835820895522388,0.8492462311557789,0.8484848484848485,0.8492462311557789,0.8425,1.0,50000.0,1.0,0.6,"(1, 3)"
167,0.8534704370179949,0.8613138686131386,0.8691099476439791,0.84688995215311,0.8383838383838383,0.84688995215311,0.8575,0.0,50000.0,1.0,0.6,"(1, 3)"
168,0.8513853904282117,0.8535980148883374,0.8492462311557789,0.8557213930348259,0.8535353535353535,0.8557213930348259,0.8525,1.0,50000.0,1.0,0.55,"(1, 1)"
169,0.8520408163265306,0.8578431372549019,0.8608247422680413,0.8495145631067961,0.8434343434343434,0.8495145631067961,0.855,0.0,50000.0,1.0,0.55,"(1, 1)"
170,0.8421052631578948,0.8428927680798005,0.835820895522388,0.8492462311557789,0.8484848484848485,0.8492462311557789,0.8425,1.0,50000.0,1.0,0.55,"(1, 2)"
171,0.8512820512820513,0.8585365853658536,0.8645833333333334,0.8461538461538461,0.8383838383838383,0.8461538461538461,0.855,0.0,50000.0,1.0,0.55,"(1, 2)"
172,0.7611940298507464,0.7587939698492463,0.75,0.7704081632653061,0.7727272727272727,0.7704081632653061,0.76,1.0,50000.0,1.0,0.55,"(2, 2)"
173,0.8282828282828283,0.8316831683168316,0.8282828282828283,0.8316831683168316,0.8282828282828283,0.8316831683168316,0.83,0.0,50000.0,1.0,0.55,"(2, 2)"
174,0.8421052631578948,0.8428927680798005,0.835820895522388,0.8492462311557789,0.8484848484848485,0.8492462311557789,0.8425,1.0,50000.0,1.0,0.55,"(1, 3)"
175,0.8520408163265306,0.8578431372549019,0.8608247422680413,0.8495145631067961,0.8434343434343434,0.8495145631067961,0.855,0.0,50000.0,1.0,0.55,"(1, 3)"
176,0.862155388471178,0.8628428927680798,0.8557213930348259,0.8693467336683417,0.8686868686868687,0.8693467336683417,0.8625,1.0,50000.0,2.0,0.6,"(1, 1)"
177,0.8695652173913043,0.8753056234718826,0.8808290155440415,0.8647342995169082,0.8585858585858586,0.8647342995169082,0.8725,0.0,50000.0,2.0,0.6,"(1, 1)"
178,0.8484848484848486,0.8514851485148515,0.8484848484848485,0.8514851485148515,0.8484848484848485,0.8514851485148515,0.85,1.0,50000.0,2.0,0.6,"(1, 2)"
179,0.8556701030927836,0.8640776699029127,0.8736842105263158,0.8476190476190476,0.8383838383838383,0.8476190476190476,0.86,0.0,50000.0,2.0,0.6,"(1, 2)"
180,0.7544303797468355,0.7604938271604937,0.7563451776649747,0.7586206896551724,0.7525252525252525,0.7586206896551724,0.7575,1.0,50000.0,2.0,0.6,"(2, 2)"
181,0.8291457286432161,0.8308457711442786,0.825,0.835,0.8333333333333334,0.835,0.83,0.0,50000.0,2.0,0.6,"(2, 2)"
182,0.8442211055276383,0.845771144278607,0.84,0.85,0.8484848484848485,0.85,0.845,1.0,50000.0,2.0,0.6,"(1, 3)"
183,0.8564102564102565,0.8634146341463415,0.8697916666666666,0.8509615384615384,0.8434343434343434,0.8509615384615384,0.86,0.0,50000.0,2.0,0.6,"(1, 3)"
184,0.8592964824120602,0.8606965174129352,0.855,0.865,0.8636363636363636,0.865,0.86,1.0,50000.0,2.0,0.55,"(1, 1)"
185,0.8600508905852418,0.8648648648648649,0.8666666666666667,0.8585365853658536,0.8535353535353535,0.8585365853658536,0.8625,0.0,50000.0,2.0,0.55,"(1, 1)"
186,0.8463476070528968,0.84863523573201,0.8442211055276382,0.8507462686567164,0.8484848484848485,0.8507462686567164,0.8475,1.0,50000.0,2.0,0.55,"(1, 2)"
187,0.8512820512820513,0.8585365853658536,0.8645833333333334,0.8461538461538461,0.8383838383838383,0.8461538461538461,0.855,0.0,50000.0,2.0,0.55,"(1, 2)"
188,0.7544303797468355,0.7604938271604937,0.7563451776649747,0.7586206896551724,0.7525252525252525,0.7586206896551724,0.7575,1.0,50000.0,2.0,0.55,"(2, 2)"
189,0.8270676691729324,0.827930174563591,0.8208955223880597,0.8341708542713567,0.8333333333333334,0.8341708542713567,0.8275,0.0,50000.0,2.0,0.55,"(2, 2)"
190,0.8442211055276383,0.845771144278607,0.84,0.85,0.8484848484848485,0.85,0.845,1.0,50000.0,2.0,0.55,"(1, 3)"
191,0.8542199488491048,0.8606356968215159,0.8652849740932642,0.8502415458937198,0.8434343434343434,0.8502415458937198,0.8575,0.0,50000.0,2.0,0.55,"(1, 3)"
192,0.8636363636363636,0.8663366336633663,0.8636363636363636,0.8663366336633663,0.8636363636363636,0.8663366336633663,0.865,1.0,50000.0,3.0,0.6,"(1, 1)"
193,0.8740359897172236,0.8807785888077859,0.8900523560209425,0.8660287081339713,0.8585858585858586,0.8660287081339713,0.8775,0.0,50000.0,3.0,0.6,"(1, 1)"
194,0.8535353535353535,0.8564356435643564,0.8535353535353535,0.8564356435643564,0.8535353535353535,0.8564356435643564,0.855,1.0,50000.0,3.0,0.6,"(1, 2)"
195,0.8505154639175259,0.8592233009708738,0.868421052631579,0.8428571428571429,0.8333333333333334,0.8428571428571429,0.855,0.0,50000.0,3.0,0.6,"(1, 2)"
196,0.7699999999999999,0.7699999999999999,0.7623762376237624,0.7777777777777778,0.7777777777777778,0.7777777777777778,0.77,1.0,50000.0,3.0,0.6,"(2, 2)"
197,0.8270676691729324,0.827930174563591,0.8208955223880597,0.8341708542713567,0.8333333333333334,0.8341708542713567,0.8275,0.0,50000.0,3.0,0.6,"(2, 2)"
198,0.8535353535353535,0.8564356435643564,0.8535353535353535,0.8564356435643564,0.8535353535353535,0.8564356435643564,0.855,1.0,50000.0,3.0,0.6,"(1, 3)"
199,0.858611825192802,0.8661800486618004,0.8743455497382199,0.8516746411483254,0.8434343434343434,0.8516746411483254,0.8625,0.0,50000.0,3.0,0.6,"(1, 3)"
200,0.8585858585858586,0.8613861386138614,0.8585858585858586,0.8613861386138614,0.8585858585858586,0.8613861386138614,0.86,1.0,50000.0,3.0,0.55,"(1, 1)"
201,0.8666666666666667,0.8731707317073171,0.8802083333333334,0.8605769230769231,0.8535353535353535,0.8605769230769231,0.87,0.0,50000.0,3.0,0.55,"(1, 1)"
202,0.8535353535353535,0.8564356435643564,0.8535353535353535,0.8564356435643564,0.8535353535353535,0.8564356435643564,0.855,1.0,50000.0,3.0,0.55,"(1, 2)"
203,0.8564102564102565,0.8634146341463415,0.8697916666666666,0.8509615384615384,0.8434343434343434,0.8509615384615384,0.86,0.0,50000.0,3.0,0.55,"(1, 2)"
204,0.7699999999999999,0.7699999999999999,0.7623762376237624,0.7777777777777778,0.7777777777777778,0.7777777777777778,0.77,1.0,50000.0,3.0,0.55,"(2, 2)"
205,0.8270676691729324,0.827930174563591,0.8208955223880597,0.8341708542713567,0.8333333333333334,0.8341708542713567,0.8275,0.0,50000.0,3.0,0.55,"(2, 2)"
206,0.8513853904282117,0.8535980148883374,0.8492462311557789,0.8557213930348259,0.8535353535353535,0.8557213930348259,0.8525,1.0,50000.0,3.0,0.55,"(1, 3)"
207,0.8542199488491048,0.8606356968215159,0.8652849740932642,0.8502415458937198,0.8434343434343434,0.8502415458937198,0.8575,0.0,50000.0,3.0,0.55,"(1, 3)"
208,0.8614609571788413,0.8635235732009925,0.8592964824120602,0.8656716417910447,0.8636363636363636,0.8656716417910447,0.8625,1.0,50000.0,4.0,0.6,"(1, 1)"
209,0.8733850129198966,0.8813559322033897,0.8941798941798942,0.8625592417061612,0.8535353535353535,0.8625592417061612,0.8775,0.0,50000.0,4.0,0.6,"(1, 1)"
210,0.8513853904282117,0.8535980148883374,0.8492462311557789,0.8557213930348259,0.8535353535353535,0.8557213930348259,0.8525,1.0,50000.0,4.0,0.6,"(1, 2)"
211,0.8556701030927836,0.8640776699029127,0.8736842105263158,0.8476190476190476,0.8383838383838383,0.8476190476190476,0.86,0.0,50000.0,4.0,0.6,"(1, 2)"
212,0.7703703703703704,0.7645569620253165,0.7536231884057971,0.7823834196891192,0.7878787878787878,0.7823834196891192,0.7675,1.0,50000.0,4.0,0.6,"(2, 2)"
213,0.8211586901763224,0.8238213399503722,0.8190954773869347,0.8258706467661692,0.8232323232323232,0.8258706467661692,0.8225,0.0,50000.0,4.0,0.6,"(2, 2)"
214,0.8492462311557788,0.8507462686567164,0.845,0.855,0.8535353535353535,0.855,0.85,1.0,50000.0,4.0,0.6,"(1, 3)"
215,0.8615384615384615,0.8682926829268293,0.875,0.8557692307692307,0.8484848484848485,0.8557692307692307,0.865,0.0,50000.0,4.0,0.6,"(1, 3)"
216,0.8535353535353535,0.8564356435643564,0.8535353535353535,0.8564356435643564,0.8535353535353535,0.8564356435643564,0.855,1.0,50000.0,4.0,0.55,"(1, 1)"
217,0.8711340206185567,0.8786407766990293,0.8894736842105263,0.861904761904762,0.8535353535353535,0.861904761904762,0.875,0.0,50000.0,4.0,0.55,"(1, 1)"
218,0.8471177944862155,0.8478802992518704,0.8407960199004975,0.8542713567839196,0.8535353535353535,0.8542713567839196,0.8475,1.0,50000.0,4.0,0.55,"(1, 2)"
219,0.8615384615384615,0.8682926829268293,0.875,0.8557692307692307,0.8484848484848485,0.8557692307692307,0.865,0.0,50000.0,4.0,0.55,"(1, 2)"
220,0.7703703703703704,0.7645569620253165,0.7536231884057971,0.7823834196891192,0.7878787878787878,0.7823834196891192,0.7675,1.0,50000.0,4.0,0.55,"(2, 2)"
221,0.8181818181818182,0.8217821782178217,0.8181818181818182,0.8217821782178217,0.8181818181818182,0.8217821782178217,0.82,0.0,50000.0,4.0,0.55,"(2, 2)"
222,0.8471177944862155,0.8478802992518704,0.8407960199004975,0.8542713567839196,0.8535353535353535,0.8542713567839196,0.8475,1.0,50000.0,4.0,0.55,"(1, 3)"
223,0.8571428571428571,0.8627450980392157,0.865979381443299,0.8543689320388349,0.8484848484848485,0.8543689320388349,0.86,0.0,50000.0,4.0,0.55,"(1, 3)"
224,0.8592964824120602,0.8606965174129352,0.855,0.865,0.8636363636363636,0.865,0.86,1.0,50000.0,5.0,0.6,"(1, 1)"
225,0.8675324675324676,0.8771084337349397,0.893048128342246,0.8544600938967136,0.8434343434343434,0.8544600938967136,0.8725,0.0,50000.0,5.0,0.6,"(1, 1)"
226,0.8506329113924052,0.854320987654321,0.8527918781725888,0.8522167487684729,0.8484848484848485,0.8522167487684729,0.8525,1.0,50000.0,5.0,0.6,"(1, 2)"
227,0.8556701030927836,0.8640776699029127,0.8736842105263158,0.8476190476190476,0.8383838383838383,0.8476190476190476,0.86,0.0,50000.0,5.0,0.6,"(1, 2)"
228,0.76,0.76,0.7524752475247525,0.7676767676767676,0.7676767676767676,0.7676767676767676,0.76,1.0,50000.0,5.0,0.6,"(2, 2)"
229,0.8261964735516374,0.8287841191066997,0.8241206030150754,0.8308457711442786,0.8282828282828283,0.8308457711442786,0.8275,0.0,50000.0,5.0,0.6,"(2, 2)"
230,0.8477157360406092,0.852216748768473,0.8520408163265306,0.8480392156862745,0.8434343434343434,0.8480392156862745,0.85,1.0,50000.0,5.0,0.6,"(1, 3)"
231,0.858611825192802,0.8661800486618004,0.8743455497382199,0.8516746411483254,0.8434343434343434,0.8516746411483254,0.8625,0.0,50000.0,5.0,0.6,"(1, 3)"
232,0.8556962025316457,0.8592592592592593,0.8578680203045685,0.8571428571428571,0.8535353535353535,0.8571428571428571,0.8575,1.0,50000.0,5.0,0.55,"(1, 1)"
233,0.8682170542635659,0.8765133171912832,0.8888888888888888,0.8578199052132701,0.8484848484848485,0.8578199052132701,0.8725,0.0,50000.0,5.0,0.55,"(1, 1)"
234,0.8477157360406092,0.852216748768473,0.8520408163265306,0.8480392156862745,0.8434343434343434,0.8480392156862745,0.85,1.0,50000.0,5.0,0.55,"(1, 2)"
235,0.8527131782945736,0.8619854721549637,0.873015873015873,0.8436018957345972,0.8333333333333334,0.8436018957345972,0.8575,0.0,50000.0,5.0,0.55,"(1, 2)"
236,0.76,0.76,0.7524752475247525,0.7676767676767676,0.7676767676767676,0.7676767676767676,0.76,1.0,50000.0,5.0,0.55,"(2, 2)"
237,0.8261964735516374,0.8287841191066997,0.8241206030150754,0.8308457711442786,0.8282828282828283,0.8308457711442786,0.8275,0.0,50000.0,5.0,0.55,"(2, 2)"
238,0.8477157360406092,0.852216748768473,0.8520408163265306,0.8480392156862745,0.8434343434343434,0.8480392156862745,0.85,1.0,50000.0,5.0,0.55,"(1, 3)"
239,0.8564102564102565,0.8634146341463415,0.8697916666666666,0.8509615384615384,0.8434343434343434,0.8509615384615384,0.86,0.0,50000.0,5.0,0.55,"(1, 3)"
